detection {
  frame_number: 840
  t_capture: 14.016946999999991
  t_sent: 14.016946999999991
  camera_id: 3
  balls {
    confidence: 0.965216219
    x: 0
    y: 0
    pixel_x: 0
    pixel_y: 0
  }
  robots_blue {
    confidence: 1
    robot_id: 0
    x: -1499.97278
    y: 1120
    orientation: -0
    pixel_x: -1499.97278
    pixel_y: 1120
  }
}
